image_width: 752
image_height: 480
camera_name: cam1
camera_matrix:
  rows: 3
  cols: 3
  data: [466.603530173, 0.0, 366.362779636, 0.0, 466.803799788, 223.533355394, 0.0, 0.0, 1.0]
distortion_model: plumb_bob
distortion_coefficients:
  rows: 1
  cols: 5
  data: [-0.292380656675, 0.0855705564346, 5.87940830287e-05, 0.000141977427327, 0.0]

