image_width: 752
image_height: 480
camera_name: cam0
camera_matrix:
  rows: 3
  cols: 3
  data: [469.498527751, 0.0, 394.421553608, 0.0, 469.63536382, 260.441108967, 0.0, 0.0, 1.0]
distortion_model: plumb_bob
distortion_coefficients:
  rows: 1
  cols: 5
  data: [-0.289814488328, 0.0821104748487, -0.000292557932223, 0.000496114382952, 0.0]

